0.039385
0.015685
0.015085
0.015304
0.015668
0.017070
0.016478
0.015064
0.015909
0.015815
0.015356
0.015999
0.015673
0.017875
0.016682
0.015495
0.015508
0.015206
0.016118
0.015366
0.015676
0.016278
0.015805
0.015773
0.016194
0.016010
0.017855
0.015593
0.015671
0.015976
0.017245
0.015880
0.016585
0.015216
0.015643
0.017096
0.015608
0.015583
0.015688
0.015212
0.015259
0.015607
0.015378
0.015887
0.016173
0.015528
0.015509
0.015103
0.015539
0.015615
0.016049
0.016825
0.015540
0.015276
0.016216
0.015653
0.015659
0.015325
0.015582
0.040948
0.042639
0.015946
0.015873
0.015707
0.015841
0.016117
0.015798
0.015686
0.015883
0.015795
0.015988
0.016071
0.016158
0.015854
0.015994
0.015833
0.015767
0.015805
0.016098
0.016325
0.016328
0.015708
0.015814
0.015918
0.016708
0.015711
0.016197
0.015708
0.015848
0.016709
0.016166
0.016209
0.016328
0.015801
0.015757
0.015922
0.015829
0.015948
0.015702
0.016054
0.015833
0.015860
0.016167
0.016016
0.015771
0.015747
0.016167
0.016071
0.015986
0.015775
0.016241
0.015752
0.016078
0.015833
0.016000
0.015948
0.015797
0.015860
0.016050
0.031507
0.031530
0.015233
0.015240
0.015366
0.015319
0.015452
0.016671
0.015328
0.015378
0.017160
0.016945
0.015639
0.016125
0.015804
0.015807
0.015780
0.016441
0.015739
0.015455
0.016752
0.015781
0.015807
0.015753
0.015790
0.015820
0.015806
0.015434
0.015450
0.015646
0.016617
0.015788
0.015325
0.015473
0.016571
0.017236
0.015332
0.016782
0.016203
0.015381
0.016605
0.015385
0.015414
0.016121
0.017818
0.015637
0.016110
0.017897
0.016535
0.015809
0.015455
0.015805
0.016669
0.015734
0.016317
0.015730
0.015811
0.016280
0.015749
0.016550
0.041409
0.026794
0.016402
0.016427
0.016228
0.015860
0.015579
0.016014
0.016657
0.015793
0.015842
0.015933
0.015572
0.015738
0.015816
0.015841
0.016276
0.015703
0.016187
0.016466
0.015907
0.015776
0.015703
0.015720
0.016207
0.017182
0.016350
0.016600
0.017048
0.016031
0.016295
0.015876
0.015750
0.016070
0.015819
0.015725
0.016236
0.015880
0.015922
0.016102
0.016177
0.016018
0.015820
0.016073
0.015914
0.015787
0.015976
0.016124
0.015894
0.016596
0.016313
0.015909
0.015572
0.015856
0.015769
0.015791
0.015684
0.015958
0.016492
0.016620
0.042330
0.042412
0.016222
0.015712
0.015688
0.015634
0.016009
0.016234
0.015752
0.015980
0.016279
0.016003
0.015605
0.016099
0.016177
0.015949
0.015715
0.015847
0.015889
0.015967
0.015949
0.015736
0.016278
0.016017
0.016257
0.015763
0.015828
0.016036
0.015893
0.015803
0.015851
0.015733
0.015915
0.016129
0.015842
0.016017
0.016197
0.016285
0.016189
0.015682
0.015730
0.016149
0.016176
0.015808
0.015919
0.016493
0.016211
0.016183
0.016062
0.015708
0.016284
0.015655
0.015728
0.015909
0.015602
0.015947
0.015918
0.016198
0.015800
0.016008
0.031943
0.042180
0.016077
0.015873
0.016026
0.015770
0.017190
0.016641
0.015650
0.015948
0.015917
0.016272
0.015846
0.016177
0.016640
0.016629
0.015688
0.015919
0.016276
0.015984
0.015587
0.015734
0.016000
0.015821
0.016245
0.015815
0.016700
0.016173
0.016601
0.016490
0.015686
0.015862
0.015852
0.016410
0.016308
0.015886
0.016124
0.015655
0.016018
0.015939
0.015569
0.016522
0.016076
0.015517
0.015881
0.015889
0.015785
0.015691
0.015548
0.016071
0.015785
0.015694
0.016355
0.015856
0.016295
0.015713
0.016253
0.015707
0.016221
0.016116
0.027852
0.042836
0.016250
0.016811
0.016278
0.016426
0.015882
0.016235
0.015801
0.015864
0.016444
0.016415
0.015858
0.016031
0.015864
0.015981
0.016159
0.016813
0.015951
0.016378
0.015788
0.015971
0.016318
0.015861
0.015871
0.016062
0.015866
0.016199
0.015932
0.016083
0.015758
0.015902
0.015943
0.016058
0.016719
0.016007
0.015940
0.016081
0.016104
0.016299
0.015809
0.016455
0.016438
0.016437
0.016289
0.015972
0.015964
0.016134
0.015879
0.016166
0.015858
0.015944
0.016144
0.015829
0.015819
0.016342
0.015893
0.015967
0.016351
0.016088
0.023181
0.036036
0.015764
0.015593
0.017035
0.015824
0.016521
0.016225
0.015678
0.015660
0.016183
0.016391
0.015536
0.015856
0.016128
0.015682
0.015762
0.016428
0.015829
0.015706
0.016087
0.015819
0.016293
0.015607
0.015477
0.015903
0.015658
0.015700
0.016390
0.015704
0.015824
0.016335
0.016581
0.016590
0.016272
0.015510
0.016168
0.015451
0.015754
0.016392
0.015791
0.015335
0.015956
0.015862
0.015521
0.015695
0.016131
0.015528
0.015753
0.016245
0.015685
0.015973
0.015757
0.015597
0.015489
0.015492
0.015670
0.015919
0.015575
0.015991
0.041686
0.028488
0.015754
0.015511
0.015995
0.016207
0.015579
0.017211
0.016635
0.016180
0.016483
0.016103
0.016058
0.015674
0.016103
0.016046
0.016344
0.015845
0.015787
0.016445
0.015520
0.015815
0.016460
0.015848
0.015668
0.016305
0.015827
0.015906
0.015791
0.015673
0.016169
0.016109
0.015906
0.017228
0.015848
0.016874
0.016303
0.015660
0.015820
0.016463
0.016456
0.015852
0.015954
0.015901
0.016207
0.016110
0.015602
0.015550
0.016404
0.015655
0.015830
0.015516
0.016427
0.015591
0.016104
0.015787
0.015784
0.015835
0.015983
0.015647
0.042164
0.041769
0.015426
0.015633
0.015817
0.015847
0.015927
0.016100
0.016126
0.015579
0.015619
0.016607
0.015605
0.015584
0.015658
0.015821
0.015366
0.015416
0.015942
0.016585
0.015551
0.015649
0.015492
0.015739
0.017254
0.016292
0.015937
0.015874
0.015986
0.015624
0.015714
0.016154
0.016018
0.016360
0.015659
0.015749
0.016634
0.016227
0.017276
0.016632
0.016117
0.015985
0.015766
0.016610
0.016000
0.015476
0.016564
0.016432
0.016143
0.017246
0.016573
0.016147
0.015816
0.016455
0.015724
0.015563
0.015484
0.015505
0.015781
0.015489
0.030877
0.041365
0.015257
0.016401
0.015666
0.015985
0.016424
0.015981
0.015759
0.015652
0.016431
0.015830
0.016325
0.016135
0.015415
0.016405
0.015388
0.015854
0.015850
0.015649
0.016198
0.016432
0.015557
0.015343
0.015662
0.016466
0.015311
0.016334
0.016476
0.015217
0.017144
0.015964
0.016278
0.015474
0.015668
0.015545
0.015942
0.015639
0.015791
0.015665
0.015464
0.015866
0.015707
0.015335
0.015893
0.017094
0.015720
0.015985
0.015298
0.015905
0.016124
0.015589
0.015450
0.015386
0.015746
0.016321
0.015654
0.015956
0.016179
0.015516
0.037932
0.041301
0.016234
0.015827
0.015921
0.015468
0.016164
0.016800
0.015719
0.015987
0.017004
0.016044
0.017295
0.016628
0.017726
0.015492
0.016364
0.015490
0.015300
0.015194
0.015807
0.016350
0.015680
0.015869
0.016804
0.015429
0.015578
0.015560
0.015667
0.015503
0.015635
0.015569
0.015784
0.015992
0.016035
0.015857
0.015943
0.015353
0.015848
0.016490
0.015739
0.016295
0.016802
0.015562
0.015898
0.016079
0.015475
0.015792
0.016588
0.015757
0.015766
0.015989
0.015669
0.016249
0.016174
0.015538
0.015436
0.015808
0.015903
0.015394
0.033380
0.041923
0.015760
0.015702
0.015704
0.016082
0.016658
0.016652
0.016079
0.016176
0.016128
0.016043
0.015519
0.015796
0.016036
0.015869
0.015894
0.015807
0.017280
0.015717
0.015909
0.015603
0.015964
0.016510
0.015856
0.016374
0.015867
0.015885
0.016212
0.016242
0.016430
0.015603
0.016234
0.017275
0.015652
0.016130
0.015632
0.016116
0.015839
0.016551
0.015423
0.016374
0.015628
0.015763
0.016086
0.016252
0.016540
0.015813
0.015661
0.015541
0.015692
0.015830
0.015493
0.015555
0.015892
0.016155
0.015900
0.015533
0.015893
0.016178
0.030088
0.034921
0.015684
0.016046
0.015492
0.016385
0.015416
0.015435
0.015443
0.015612
0.016728
0.015491
0.015486
0.016641
0.016764
0.015749
0.016362
0.016536
0.015975
0.015574
0.016039
0.015931
0.016109
0.015531
0.016436
0.015758
0.016235
0.016105
0.015672
0.016065
0.016240
0.016052
0.016658
0.015922
0.015369
0.015986
0.015511
0.015571
0.015994
0.015529
0.016078
0.016175
0.015968
0.015767
0.016191
0.015764
0.015743
0.016604
0.016257
0.015521
0.015483
0.015951
0.015758
0.015619
0.015403
0.016008
0.016286
0.015776
0.015752
0.015667
0.041777
0.042164
0.016491
0.015847
0.015687
0.015766
0.015833
0.015733
0.016435
0.015799
0.016025
0.015703
0.015683
0.015889
0.015843
0.015901
0.016126
0.015932
0.015671
0.016223
0.015657
0.015517
0.015745
0.016134
0.015642
0.016008
0.016431
0.015678
0.015872
0.016338
0.015833
0.016275
0.015956
0.015750
0.015808
0.015725
0.016103
0.015773
0.015941
0.015811
0.015939
0.015738
0.016153
0.016051
0.015877
0.015791
0.015511
0.015807
0.015862
0.016042
0.015863
0.016073
0.015749
0.015836
0.016153
0.015920
0.015644
0.016350
0.015626
0.015771
0.035498
0.035839
0.015766
0.015956
0.015707
0.015300
0.015266
0.015577
0.015395
0.015516
0.015673
0.015434
0.016633
0.016531
0.015515
0.016524
0.017922
0.017023
0.015741
0.017979
0.015718
0.018036
0.015992
0.015498
0.015409
0.015948
0.015407
0.015733
0.015769
0.015435
0.015755
0.016592
0.015635
0.016151
0.016047
0.015500
0.016048
0.015605
0.017996
0.016316
0.016174
0.015557
0.015965
0.015659
0.015428
0.016150
0.015705
0.015261
0.016806
0.015738
0.015670
0.015310
0.015403
0.015519
0.015640
0.015400
0.015737
0.015404
0.015125
0.015350
0.041113
0.042069
0.015526
0.016340
0.015921
0.017146
0.015618
0.015544
0.015522
0.015981
0.016025
0.015819
0.016445
0.016007
0.015476
0.016000
0.015650
0.015853
0.016144
0.015804
0.016463
0.015698
0.016406
0.016014
0.016065
0.016569
0.016442
0.016059
0.015898
0.015901
0.016577
0.017072
0.016085
0.016170
0.015643
0.015744
0.015879
0.016090
0.015959
0.016278
0.016579
0.015650
0.015851
0.015872
0.015826
0.015768
0.017158
0.015961
0.016059
0.015877
0.016411
0.015890
0.015903
0.015728
0.015766
0.016072
0.015733
0.015805
0.015877
0.016448
0.027864
0.041589
0.015806
0.017690
0.015552
0.015508
0.016077
0.015471
0.015543
0.015300
0.015957
0.015797
0.015564
0.016127
0.016311
0.016141
0.015878
0.016318
0.015820
0.015706
0.015895
0.016218
0.015583
0.016222
0.016096
0.015799
0.015664
0.016284
0.016140
0.015876
0.016679
0.016292
0.016860
0.015735
0.016763
0.015640
0.015987
0.015508
0.015649
0.017688
0.016414
0.015863
0.016425
0.015615
0.016494
0.015808
0.015558
0.016206
0.015545
0.015543
0.015729
0.015391
0.015543
0.015572
0.015652
0.015562
0.016063
0.016306
0.016031
0.015648
0.032301
0.040475
0.015012
0.015679
0.017232
0.015923
0.016696
0.016693
0.015091
0.015532
0.016695
0.016382
0.015159
0.015760
0.016654
0.016060
0.015764
0.016292
0.015667
0.015993
0.016631
0.015198
0.015914
0.015842
0.016473
0.015797
0.015606
0.015370
0.014895
0.015735
0.015435
0.015891
0.017568
0.016684
0.015560
0.016010
0.016293
0.015364
0.015285
0.016060
0.015121
0.015661
0.016437
0.015487
0.016628
0.015321
0.015866
0.015321
0.016015
0.016396
0.015721
0.015380
0.015419
0.016163
0.015274
0.015107
0.015326
0.015052
0.014977
0.016472
0.040488
0.027931
0.015738
0.017235
0.015582
0.016595
0.015540
0.015735
0.015864
0.015855
0.015758
0.015761
0.015938
0.015835
0.015866
0.015693
0.016521
0.016184
0.016369
0.015655
0.016079
0.015623
0.015886
0.016741
0.016467
0.015959
0.015684
0.016054
0.016207
0.015929
0.015721
0.016244
0.015709
0.015675
0.016353
0.016368
0.016300
0.016056
0.015673
0.015902
0.016111
0.017230
0.015758
0.016568
0.015995
0.016024
0.015643
0.015991
0.015659
0.015925
0.016596
0.015662
0.015788
0.016234
0.016102
0.015908
0.016498
0.015861
0.016064
0.015857
0.042241
0.039278
0.016526
0.015485
0.015945
0.016014
0.015248
0.015256
0.016733
0.015374
0.015489
0.015895
0.016149
0.015397
0.015893
0.015770
0.015381
0.015949
0.016411
0.015598
0.015604
0.015585
0.015120
0.015512
0.015736
0.016492
0.015451
0.016714
0.015342
0.015249
0.015307
0.015665
0.016162
0.015767
0.015188
0.015506
0.015983
0.016134
0.016365
0.016748
0.015712
0.015478
0.017715
0.016639
0.015125
0.015254
0.016530
0.015336
0.015565
0.016792
0.016281
0.015344
0.015684
0.016523
0.015615
0.015470
0.015887
0.015712
0.016085
0.016731
0.041102
0.042711
0.016751
0.016399
0.015744
0.015759
0.015715
0.016290
0.015900
0.015852
0.016721
0.016062
0.015919
0.016726
0.016395
0.015917
0.016023
0.015977
0.015832
0.015870
0.015986
0.015922
0.015800
0.015907
0.015886
0.015939
0.016275
0.015933
0.016370
0.016267
0.016017
0.015795
0.016058
0.015942
0.015874
0.016066
0.016071
0.016061
0.016112
0.016758
0.016210
0.015940
0.016138
0.016297
0.015716
0.015926
0.015910
0.015825
0.016165
0.016221
0.015919
0.015713
0.015915
0.016240
0.016232
0.016098
0.016071
0.016148
0.015938
0.016149
0.025629
0.031140
0.015590
0.015564
0.015622
0.015626
0.015666
0.015614
0.015738
0.015722
0.015665
0.015963
0.015688
0.015808
0.015786
0.015854
0.016369
0.016128
0.015745
0.016449
0.015881
0.015868
0.016350
0.015824
0.016120
0.016235
0.016013
0.015821
0.016534
0.016574
0.015910
0.015940
0.015799
0.015849
0.015762
0.015750
0.016575
0.016192
0.016082
0.016236
0.015866
0.015723
0.016462
0.015906
0.015917
0.016421
0.016119
0.015790
0.016040
0.016048
0.016030
0.016428
0.016064
0.015800
0.016434
0.015740
0.015912
0.016039
0.016109
0.015791
0.042309
0.040735
0.015357
0.015401
0.015583
0.016710
0.015678
0.015282
0.016976
0.016986
0.015391
0.015992
0.015695
0.015548
0.015544
0.016847
0.015431
0.015703
0.015215
0.016030
0.015442
0.016033
0.016597
0.015691
0.016150
0.016312
0.015562
0.015840
0.015402
0.015248
0.016231
0.015197
0.015610
0.016152
0.015919
0.015310
0.016108
0.015920
0.015840
0.015767
0.016301
0.015741
0.016136
0.016568
0.015578
0.015759
0.016231
0.015656
0.015773
0.015354
0.015713
0.015265
0.015405
0.015614
0.015411
0.015451
0.015335
0.016230
0.016228
0.016503
0.041310
0.041124
0.016419
0.015574
0.015236
0.015621
0.015570
0.016315
0.015471
0.016438
0.015680
0.016238
0.016786
0.015779
0.015359
0.015454
0.016030
0.015660
0.015306
0.017915
0.015997
0.016180
0.015308
0.015443
0.016111
0.015364
0.015345
0.015275
0.016495
0.016521
0.015302
0.015553
0.015858
0.015274
0.017394
0.015251
0.016168
0.015484
0.016147
0.016815
0.015207
0.015885
0.015347
0.015983
0.015659
0.016883
0.017892
0.015671
0.015921
0.016811
0.015745
0.015310
0.015129
0.015258
0.015684
0.016649
0.015591
0.015392
0.015659
0.015970
0.037098
0.034052
0.015886
0.015315
0.015427
0.015469
0.015763
0.016920
0.016313
0.015982
0.015738
0.016266
0.015648
0.016461
0.015985
0.015344
0.016127
0.016920
0.017897
0.016445
0.016139
0.016822
0.015571
0.015877
0.015217
0.015323
0.015577
0.016696
0.015684
0.015624
0.015676
0.015235
0.015832
0.015331
0.015323
0.015663
0.017812
0.016919
0.015335
0.015381
0.015741
0.016617
0.016274
0.015344
0.015634
0.015434
0.017903
0.015870
0.015832
0.015381
0.015641
0.015617
0.015780
0.016069
0.015873
0.015447
0.016002
0.015433
0.015974
0.015773
0.041365
0.041894
0.015782
0.015746
0.015548
0.015520
0.015432
0.015632
0.016557
0.015412
0.015921
0.015517
0.015937
0.015882
0.016103
0.015855
0.016543
0.015487
0.016413
0.015538
0.015630
0.015620
0.015972
0.016557
0.015793
0.015822
0.015744
0.016364
0.016280
0.015659
0.015583
0.015735
0.016113
0.016109
0.016294
0.015640
0.015620
0.016061
0.015812
0.015621
0.015445
0.016290
0.015992
0.015552
0.016396
0.016374
0.015685
0.016232
0.015595
0.015642
0.015907
0.015909
0.016086
0.016036
0.015595
0.015924
0.015606
0.015840
0.015679
0.016008
0.037457
0.041683
0.015869
0.015757
0.015747
0.016196
0.016065
0.015496
0.015357
0.016758
0.016432
0.016213
0.015407
0.015433
0.015334
0.016288
0.015620
0.015511
0.015852
0.015799
0.016322
0.017025
0.016454
0.017024
0.016455
0.016416
0.015539
0.015634
0.015620
0.015924
0.015663
0.015817
0.015722
0.015759
0.016009
0.015720
0.016417
0.015645
0.015947
0.015646
0.015955
0.015720
0.017016
0.016057
0.015595
0.015533
0.016892
0.015748
0.015537
0.015558
0.015748
0.016272
0.015711
0.015950
0.015746
0.015595
0.015836
0.015856
0.015944
0.015931
0.034224
0.040677
0.015214
0.015194
0.015262
0.015266
0.015205
0.015236
0.015624
0.017457
0.015554
0.016095
0.015641
0.015634
0.015716
0.015626
0.017460
0.015506
0.017051
0.016734
0.015532
0.015590
0.015380
0.017187
0.015641
0.016248
0.015874
0.015696
0.016523
0.015705
0.016486
0.015475
0.015506
0.016676
0.015556
0.015852
0.016168
0.015928
0.015404
0.016303
0.015952
0.015481
0.015915
0.015828
0.017410
0.015661
0.015622
0.015498
0.015504
0.015133
0.015391
0.015253
0.015709
0.015751
0.015791
0.015534
0.015489
0.015733
0.015673
0.015654
0.041137
0.042146
0.015891
0.016446
0.015719
0.015778
0.015514
0.015613
0.015690
0.016217
0.015684
0.016016
0.016407
0.015676
0.015919
0.015800
0.016958
0.015696
0.016334
0.015787
0.015713
0.015821
0.016022
0.016621
0.016075
0.015608
0.015736
0.016242
0.016273
0.015572
0.015532
0.016219
0.015599
0.015564
0.015733
0.016428
0.015552
0.015839
0.015918
0.015753
0.015604
0.015588
0.015505
0.015723
0.015780
0.016064
0.016323
0.015875
0.015621
0.015773
0.015978
0.015581
0.015556
0.015838
0.015820
0.015895
0.016096
0.015531
0.015558
0.015665
0.037517
0.042355
0.015697
0.016002
0.015891
0.015649
0.017054
0.016224
0.016349
0.016485
0.015832
0.016506
0.016518
0.015980
0.016434
0.016095
0.015905
0.016528
0.016543
0.015728
0.015923
0.015796
0.015860
0.015743
0.015952
0.016511
0.015640
0.016431
0.015912
0.016289
0.015729
0.015915
0.015678
0.015698
0.016067
0.016207
0.016003
0.016184
0.016195
0.015893
0.015657
0.016179
0.016512
0.015581
0.015754
0.015987
0.016018
0.015640
0.016430
0.015893
0.016547
0.016190
0.015936
0.015979
0.016118
0.015689
0.015716
0.015917
0.016092
0.015929
0.026835
0.027473
0.016098
0.015532
0.015620
0.016047
0.015603
0.015664
0.015523
0.016472
0.015609
0.015970
0.015937
0.015894
0.017018
0.015784
0.016430
0.015693
0.016380
0.016264
0.015695
0.015738
0.015986
0.015943
0.016639
0.016427
0.015882
0.015572
0.016289
0.016449
0.015633
0.016319
0.017018
0.015670
0.015861
0.016305
0.015831
0.016436
0.016498
0.016499
0.015664
0.016273
0.016342
0.015822
0.016140
0.015986
0.015944
0.016098
0.016037
0.015678
0.016150
0.016115
0.015792
0.016381
0.015914
0.016134
0.015629
0.015790
0.016381
0.015832
0.042196
0.042031
0.015584
0.015669
0.015822
0.015682
0.015756
0.015675
0.015961
0.015852
0.015874
0.016003
0.016327
0.015998
0.016239
0.015614
0.015630
0.015845
0.016490
0.016208
0.015462
0.015869
0.016465
0.015706
0.016381
0.016173
0.015917
0.015604
0.016503
0.015851
0.015798
0.015559
0.016306
0.017002
0.016502
0.016502
0.015658
0.015559
0.016384
0.015774
0.015722
0.015817
0.016342
0.015872
0.015859
0.016161
0.015999
0.015621
0.016354
0.015939
0.015886
0.015837
0.015999
0.015741
0.015691
0.015797
0.015804
0.015852
0.015682
0.015612
0.033178
0.036175
0.016100
0.016372
0.016598
0.015453
0.015882
0.015710
0.015716
0.015775
0.015841
0.015809
0.015590
0.015823
0.015523
0.015814
0.015532
0.015770
0.016387
0.016393
0.015680
0.015951
0.015896
0.016139
0.015994
0.016620
0.015781
0.015494
0.015861
0.015620
0.015630
0.016120
0.015978
0.015798
0.015798
0.015752
0.015342
0.015422
0.016058
0.015567
0.015630
0.015720
0.017302
0.016621
0.016197
0.015531
0.016230
0.016423
0.015740
0.015626
0.015951
0.015723
0.016119
0.015751
0.015420
0.016069
0.016128
0.015657
0.015671
0.016026
0.041705
0.031394
0.015675
0.015844
0.015901
0.015899
0.015832
0.016269
0.016219
0.016081
0.015873
0.017079
0.016380
0.016115
0.016001
0.016796
0.016474
0.016511
0.015808
0.015812
0.015887
0.015750
0.015685
0.015897
0.016039
0.015682
0.016129
0.016247
0.015644
0.016087
0.016461
0.015633
0.016118
0.015689
0.016003
0.015817
0.016246
0.015777
0.016187
0.015594
0.015812
0.015594
0.015812
0.015660
0.015947
0.015878
0.015947
0.015900
0.015897
0.015446
0.015811
0.016340
0.015487
0.016314
0.015901
0.016104
0.015942
0.015846
0.016036
0.015808
0.041986
0.040605
0.016510
0.015195
0.016032
0.017356
0.016678
0.015220
0.015802
0.016227
0.015456
0.015267
0.017570
0.016018
0.015810
0.015233
0.015612
0.015907
0.016093
0.015903
0.015560
0.016479
0.015560
0.015562
0.016222
0.016363
0.016031
0.016075
0.016262
0.015423
0.015594
0.015953
0.015191
0.015324
0.015139
0.015161
0.015209
0.016627
0.015286
0.015556
0.015286
0.014938
0.015455
0.017467
0.016683
0.016158
0.015158
0.015578
0.016683
0.016151
0.015286
0.015340
0.016425
0.015464
0.016468
0.015810
0.015672
0.015560
0.016476
0.016007
0.038863
0.035403
0.017899
0.016806
0.016600
0.015098
0.015152
0.016495
0.016448
0.015264
0.015756
0.016718
0.015954
0.016175
0.015049
0.015136
0.015224
0.015598
0.016509
0.015167
0.015221
0.016088
0.015523
0.016171
0.017050
0.016593
0.017357
0.016312
0.017539
0.016803
0.016673
0.015033
0.015596
0.016797
0.015275
0.016673
0.016650
0.015310
0.016387
0.015347
0.015028
0.015156
0.014969
0.015693
0.015062
0.015938
0.016002
0.016427
0.015220
0.016553
0.015443
0.016058
0.015205
0.015119
0.015488
0.015126
0.016542
0.015499
0.016481
0.015455
0.040689
0.041997
0.016267
0.015656
0.015860
0.016066
0.016110
0.016596
0.016101
0.015559
0.015994
0.015903
0.016446
0.015590
0.016606
0.015742
0.015906
0.016323
0.015845
0.015450
0.015758
0.016182
0.015524
0.016423
0.016456
0.015619
0.016161
0.016316
0.015798
0.015706
0.015877
0.015737
0.015471
0.016194
0.015866
0.016152
0.016086
0.015927
0.015805
0.016606
0.016562
0.016606
0.016602
0.015668
0.015564
0.015678
0.016376
0.015736
0.016197
0.016840
0.016270
0.015824
0.016189
0.016440
0.015799
0.016101
0.016219
0.015724
0.015679
0.016474
0.027768
0.042593
0.015673
0.015879
0.016118
0.016095
0.015939
0.015758
0.015716
0.016071
0.015825
0.016073
0.016103
0.016358
0.015760
0.016368
0.016358
0.016359
0.015673
0.016103
0.016350
0.015856
0.015814
0.015865
0.015962
0.016088
0.015777
0.016204
0.016725
0.016717
0.016330
0.016316
0.016726
0.016333
0.016291
0.015760
0.015787
0.016076
0.015719
0.015892
0.016241
0.015754
0.015854
0.015881
0.016273
0.015796
0.016070
0.015880
0.015830
0.016167
0.016092
0.015669
0.015885
0.015907
0.015754
0.015722
0.015916
0.015881
0.015904
0.015745
0.028365
0.042146
0.015764
0.015624
0.016245
0.016139
0.015851
0.016399
0.015821
0.015817
0.015994
0.015592
0.016004
0.016035
0.015871
0.016040
0.015703
0.016484
0.015834
0.016499
0.016912
0.016500
0.015868
0.016219
0.015830
0.015505
0.015837
0.015809
0.015879
0.016280
0.016138
0.016088
0.016094
0.015846
0.016412
0.016029
0.016397
0.015992
0.015745
0.015946
0.015678
0.015845
0.016484
0.015608
0.016120
0.015656
0.015934
0.016261
0.015637
0.015875
0.015986
0.016055
0.015925
0.015921
0.015831
0.015592
0.016106
0.016384
0.015846
0.015890
0.030175
0.032482
0.015622
0.016432
0.015460
0.016694
0.016698
0.016610
0.015450
0.015931
0.016052
0.017370
0.016220
0.016671
0.015710
0.015764
0.016474
0.015622
0.015764
0.016022
0.016698
0.015860
0.015900
0.015782
0.015332
0.015469
0.016465
0.015588
0.015877
0.015599
0.015736
0.015781
0.016439
0.015651
0.016397
0.015717
0.016476
0.015912
0.015319
0.016012
0.015654
0.016827
0.015377
0.016649
0.015615
0.016499
0.016522
0.015416
0.015595
0.015578
0.015727
0.015443
0.015628
0.015987
0.015395
0.016134
0.015660
0.015451
0.016636
0.015507
0.041641
0.030283
0.017510
0.016785
0.016013
0.015565
0.015850
0.015864
0.015791
0.016704
0.015685
0.016110
0.015806
0.016105
0.015908
0.016304
0.016781
0.015564
0.015229
0.015671
0.015634
0.016102
0.015858
0.016572
0.015806
0.015686
0.015795
0.015500
0.015368
0.016730
0.015717
0.015993
0.015538
0.015916
0.015411
0.016783
0.015806
0.015800
0.015742
0.017554
0.015807
0.016551
0.015565
0.015754
0.016515
0.015848
0.016562
0.015794
0.015924
0.016122
0.015984
0.015880
0.015764
0.015657
0.015878
0.016232
0.016734
0.015513
0.015535
0.016143
0.041398
0.041166
0.015617
0.015549
0.015456
0.015764
0.015259
0.017627
0.017608
0.015341
0.015893
0.017631
0.015338
0.017240
0.015592
0.015922
0.016696
0.016296
0.015632
0.015632
0.015661
0.015974
0.015666
0.016566
0.015631
0.015669
0.015776
0.015629
0.016117
0.015308
0.015524
0.016935
0.016780
0.016778
0.016130
0.015144
0.017585
0.015528
0.015445
0.015214
0.015367
0.016948
0.015685
0.016655
0.015593
0.016421
0.015672
0.015742
0.015165
0.015819
0.015564
0.016060
0.015669
0.015752
0.015404
0.015397
0.015262
0.015785
0.015693
0.016157
0.033870
0.042049
0.016423
0.015678
0.016085
0.015554
0.015763
0.015474
0.016395
0.015903
0.016918
0.015779
0.016056
0.016857
0.015649
0.015770
0.016430
0.015643
0.015768
0.015615
0.015507
0.015750
0.016072
0.015573
0.015905
0.015769
0.016387
0.015589
0.015786
0.015752
0.016424
0.015584
0.015963
0.015690
0.015658
0.016077
0.015768
0.015556
0.015754
0.016396
0.015851
0.015756
0.016806
0.015873
0.015791
0.015830
0.015602
0.015862
0.015719
0.016954
0.016130
0.016061
0.015553
0.015698
0.015988
0.015612
0.015549
0.016070
0.015525
0.015469
0.035525
0.029266
0.016004
0.015936
0.015993
0.016144
0.016979
0.017219
0.016690
0.016684
0.015831
0.015840
0.016483
0.015784
0.015670
0.015930
0.015794
0.016224
0.016203
0.015654
0.015401
0.016179
0.015553
0.015735
0.015679
0.016504
0.015937
0.016138
0.015956
0.015538
0.017379
0.016553
0.016364
0.016025
0.015598
0.015812
0.015639
0.015839
0.016286
0.015724
0.016628
0.015743
0.016313
0.015745
0.015828
0.015485
0.015605
0.017353
0.016507
0.015482
0.015574
0.016112
0.015506
0.015510
0.015568
0.015508
0.015837
0.016002
0.016063
0.015596
0.041865
0.042630
0.015768
0.016136
0.015710
0.016702
0.015991
0.016142
0.016142
0.016130
0.015979
0.015908
0.016221
0.015852
0.016066
0.016202
0.015976
0.016314
0.015782
0.015948
0.016199
0.016096
0.015886
0.015772
0.015807
0.016381
0.016384
0.015850
0.016142
0.016053
0.015821
0.015962
0.015781
0.016139
0.016056
0.016316
0.016316
0.016794
0.015683
0.016063
0.016519
0.015889
0.016401
0.015772
0.015905
0.016222
0.015808
0.016210
0.016181
0.015868
0.015921
0.015761
0.015965
0.015854
0.016061
0.016315
0.015898
0.015928
0.016279
0.015724
0.026417
0.025714
0.015752
0.015917
0.015848
0.016150
0.016739
0.016735
0.015731
0.017336
0.016561
0.015676
0.015958
0.016047
0.015803
0.015883
0.016007
0.016119
0.016336
0.016601
0.015959
0.015826
0.016044
0.016327
0.016699
0.015919
0.016109
0.015669
0.016835
0.015985
0.016586
0.016560
0.016424
0.015907
0.016145
0.015911
0.015820
0.016000
0.016388
0.015959
0.016052
0.015768
0.015915
0.015997
0.016318
0.015851
0.016296
0.015921
0.015939
0.015676
0.015716
0.015764
0.015713
0.015574
0.015801
0.015762
0.015718
0.016000
0.015931
0.015969
0.042334
0.042040
0.015616
0.015534
0.016271
0.015765
0.015615
0.015898
0.015645
0.015922
0.015466
0.015624
0.015928
0.016057
0.016926
0.016059
0.016119
0.015474
0.015968
0.016117
0.016305
0.015777
0.015576
0.015932
0.016090
0.015978
0.015814
0.015605
0.015778
0.016931
0.015984
0.016427
0.015675
0.015809
0.015671
0.015759
0.015687
0.015925
0.015837
0.015880
0.016341
0.015957
0.016932
0.016429
0.016389
0.016911
0.015750
0.016271
0.016142
0.015814
0.016126
0.015908
0.015682
0.015914
0.016043
0.015842
0.015698
0.016170
0.015822
0.016061
0.031315
0.032812
0.015544
0.015245
0.015572
0.015907
0.017329
0.016345
0.016048
0.016668
0.016588
0.015443
0.015703
0.015598
0.015534
0.016391
0.015727
0.015673
0.016279
0.015621
0.015354
0.015275
0.016113
0.016317
0.015596
0.015504
0.016153
0.015984
0.015739
0.016445
0.015291
0.015762
0.015268
0.015733
0.016206
0.016593
0.015985
0.016131
0.016665
0.015636
0.017423
0.015731
0.016256
0.016124
0.015682
0.016345
0.016810
0.016554
0.016172
0.015498
0.015760
0.016154
0.015980
0.015604
0.015546
0.015686
0.015600
0.016488
0.015686
0.015684
0.041439
0.038617
0.015689
0.015450
0.015546
0.017163
0.015783
0.016948
0.016519
0.015252
0.015701
0.015566
0.016283
0.015417
0.015833
0.015780
0.015863
0.016514
0.015428
0.015322
0.015553
0.016307
0.015522
0.015422
0.015804
0.015722
0.015833
0.015856
0.015924
0.015632
0.015719
0.017281
0.016348
0.015866
0.015357
0.015466
0.015574
0.015513
0.015166
0.015606
0.015390
0.015415
0.015973
0.017267
0.016520
0.016059
0.016099
0.015607
0.017288
0.015614
0.015419
0.015263
0.015628
0.016306
0.016020
0.015612
0.015559
0.015561
0.016478
0.015554
0.041226
0.041796
0.015783
0.015994
0.016557
0.015998
0.016163
0.015460
0.016284
0.015687
0.016785
0.016763
0.015444
0.015785
0.015657
0.015552
0.016641
0.015956
0.015598
0.016360
0.016504
0.015787
0.016576
0.015734
0.016780
0.015690
0.016058
0.016290
0.015615
0.015790
0.015720
0.015623
0.015376
0.015976
0.015733
0.015824
0.016191
0.015901
0.015781
0.015933
0.016055
0.016027
0.016061
0.016563
0.016116
0.016224
0.015747
0.015471
0.015622
0.016146
0.015416
0.016065
0.015957
0.015742
0.015925
0.015934
0.015682
0.015801
0.015427
0.015716
0.033156
0.042425
0.015696
0.015755
0.017087
0.016235
0.015986
0.015682
0.015692
0.016429
0.015628
0.016119
0.015607
0.016030
0.016215
0.015840
0.016348
0.015663
0.016147
0.015915
0.015789
0.016103
0.016419
0.016449
0.016262
0.016197
0.016419
0.016444
0.016126
0.016136
0.015777
0.015876
0.016461
0.015920
0.015830
0.017087
0.016558
0.016302
0.015796
0.015949
0.015728
0.015911
0.015686
0.015891
0.015691
0.016211
0.015974
0.015877
0.015755
0.015834
0.015817
0.015739
0.015827
0.015831
0.015739
0.016298
0.016120
0.015898
0.016482
0.015843
0.027455
0.042312
0.015624
0.015998
0.015817
0.016401
0.016555
0.015804
0.015731
0.015927
0.016313
0.015884
0.015803
0.016048
0.016342
0.016191
0.016122
0.016226
0.015910
0.016183
0.015596
0.016003
0.016093
0.016211
0.015849
0.015851
0.016417
0.016020
0.015916
0.016338
0.015842
0.015731
0.015780
0.016052
0.015802
0.016269
0.016048
0.015700
0.015895
0.016093
0.015771
0.015957
0.015884
0.015771
0.015566
0.015814
0.015730
0.015799
0.016124
0.016943
0.015800
0.016048
0.015788
0.015707
0.015827
0.015764
0.015924
0.016102
0.016518
0.015835
0.030629
0.031062
0.015723
0.016154
0.016822
0.015390
0.015596
0.015483
0.016565
0.015495
0.015165
0.015864
0.015831
0.016252
0.015300
0.016796
0.016148
0.015593
0.015398
0.016244
0.015470
0.016035
0.015957
0.016443
0.015691
0.016166
0.015777
0.015383
0.016743
0.015311
0.016025
0.016216
0.016549
0.017738
0.016824
0.016822
0.015390
0.015716
0.016560
0.015616
0.016113
0.015252
0.016983
0.016611
0.015657
0.016444
0.015409
0.015260
0.016734
0.015746
0.015399
0.015734
0.016037
0.015672
0.016424
0.015652
0.015760
0.016561
0.016616
0.015402
0.041223
0.038356
0.016047
0.015753
0.016148
0.015779
0.015645
0.015989
0.015641
0.015556
0.016997
0.015934
0.015826
0.016122
0.015744
0.015594
0.015645
0.016082
0.015610
0.015733
0.016173
0.015744
0.015896
0.016189
0.016444
0.016441
0.015565
0.015636
0.015386
0.015427
0.015696
0.015534
0.015483
0.016102
0.015477
0.015839
0.015933
0.015545
0.015472
0.017001
0.015793
0.016076
0.015703
0.015487
0.016164
0.015933
0.015584
0.016741
0.015995
0.015822
0.015728
0.015625
0.015699
0.015715
0.015792
0.015699
0.015846
0.016081
0.015729
0.015782
0.041823
0.041455
0.016734
0.015298
0.017079
0.015918
0.015542
0.015404
0.015690
0.016436
0.016093
0.015510
0.016264
0.015250
0.016220
0.015419
0.015314
0.015408
0.015511
0.015917
0.015555
0.015856
0.016296
0.016492
0.017682
0.015809
0.015817
0.015455
0.015751
0.015620
0.015696
0.015948
0.016192
0.016864
0.017715
0.015634
0.015569
0.015696
0.015606
0.016052
0.016182
0.015873
0.015822
0.016535
0.015764
0.015933
0.015785
0.015637
0.015499
0.016289
0.016053
0.015997
0.015414
0.015696
0.015686
0.016212
0.015747
0.016667
0.015750
0.016542
0.033150
0.042093
0.016421
0.015939
0.016512
0.015611
0.016391
0.016512
0.015983
0.015649
0.015947
0.015648
0.015557
0.015485
0.015857
0.017072
0.016320
0.015982
0.015634
0.016014
0.016239
0.015519
0.015559
0.015618
0.015930
0.015966
0.015642
0.015588
0.015780
0.016029
0.016484
0.016497
0.016517
0.016141
0.015906
0.016233
0.015731
0.016227
0.016121
0.015920
0.015865
0.016005
0.015959
0.015683
0.015732
0.015956
0.015808
0.016345
0.016497
0.015539
0.015900
0.016130
0.015863
0.015694
0.015539
0.015886
0.015597
0.015782
0.016285
0.015601
0.032059
0.041627
0.015816
0.017004
0.016194
0.016351
0.015974
0.015690
0.016378
0.015626
0.015902
0.016170
0.015449
0.015682
0.015717
0.015365
0.015871
0.015984
0.016188
0.015603
0.015347
0.015646
0.015485
0.015714
0.016280
0.015648
0.015870
0.017011
0.016142
0.015585
0.015996
0.015878
0.015453
0.016281
0.015626
0.015815
0.015314
0.016415
0.015645
0.015455
0.015538
0.016457
0.015769
0.015530
0.015826
0.016034
0.015993
0.015979
0.015978
0.015415
0.015850
0.016377
0.015641
0.015524
0.016002
0.015642
0.015687
0.016279
0.015641
0.015419
0.038224
0.027075
0.015649
0.016118
0.015901
0.016416
0.015681
0.016097
0.016265
0.016113
0.015679
0.015985
0.015629
0.015862
0.015811
0.015778
0.016208
0.016133
0.016149
0.016077
0.017101
0.016433
0.015968
0.015484
0.016410
0.015828
0.015640
0.015963
0.015989
0.016693
0.016121
0.016495
0.015871
0.016098
0.016142
0.016510
0.015717
0.015947
0.016002
0.015681
0.015801
0.016097
0.016024
0.016682
0.016516
0.016253
0.015890
0.015730
0.016510
0.015951
0.015796
0.015996
0.015699
0.015997
0.016143
0.016312
0.015491
0.016143
0.016113
0.016050
0.042089
0.038713
0.015504
0.015578
0.015422
0.015409
0.015602
0.015424
0.015653
0.016115
0.015933
0.015466
0.015600
0.016198
0.016188
0.015406
0.015596
0.015628
0.015963
0.015749
0.016190
0.015647
0.015971
0.016841
0.015631
0.016355
0.015457
0.015661
0.016336
0.016240
0.015930
0.015813
0.015895
0.015977
0.015890
0.015915
0.016310
0.015967
0.016222
0.015681
0.015499
0.015394
0.016803
0.015529
0.016227
0.016241
0.015724
0.015644
0.016240
0.015698
0.015747
0.015941
0.015810
0.015525
0.015919
0.015683
0.015643
0.016121
0.015641
0.016049
0.041846
0.042857
0.015980
0.016742
0.016184
0.016494
0.016903
0.016021
0.015962
0.015931
0.015820
0.015766
0.016108
0.016069
0.015958
0.015821
0.015902
0.016324
0.016188
0.016257
0.015792
0.015818
0.015931
0.016122
0.015888
0.015963
0.015995
0.016846
0.016275
0.015972
0.015768
0.016086
0.015944
0.016057
0.016379
0.016096
0.016193
0.016661
0.015950
0.016386
0.015878
0.015948
0.015891
0.015946
0.015822
0.015972
0.016378
0.015990
0.016084
0.015886
0.016210
0.016338
0.015983
0.015930
0.016318
0.016378
0.015956
0.016092
0.016057
0.015950
0.023582
0.037705
0.015862
0.015271
0.015526
0.015476
0.016400
0.015165
0.016031
0.016768
0.015371
0.015697
0.015591
0.015904
0.015755
0.016583
0.015918
0.015286
0.015618
0.015939
0.016603
0.015434
0.014955
0.015284
0.017813
0.015766
0.016847
0.016244
0.014972
0.016424
0.017779
0.016850
0.016576
0.015497
0.015400
0.016497
0.015858
0.015280
0.015225
0.015836
0.015322
0.015413
0.015306
0.016510
0.017934
0.015520
0.015344
0.015161
0.016535
0.015609
0.015559
0.015305
0.015566
0.016602
0.016091
0.015421
0.015766
0.015824
0.015183
0.016379
0.040652
0.040973
0.015496
0.015802
0.015439
0.015358
0.015728
0.015431
0.016225
0.016341
0.015359
0.015073
0.015477
0.015415
0.016393
0.015534
0.015582
0.016597
0.016305
0.015439
0.016364
0.016390
0.015254
0.015811
0.016533
0.015574
0.015628
0.016959
0.015810
0.015540
0.015305
0.016362
0.015297
0.016599
0.015657
0.015235
0.016400
0.015578
0.015376
0.015818
0.015890
0.015281
0.017401
0.016526
0.016376
0.015115
0.016003
0.016491
0.017112
0.016165
0.016007
0.015674
0.015543
0.015509
0.015358
0.015212
0.015989
0.016307
0.015486
0.015485
0.039609
0.041659
0.016410
0.015397
0.015435
0.015389
0.016234
0.015629
0.015452
0.015876
0.015643
0.016359
0.015546
0.016891
0.015819
0.015340
0.015430
0.015325
0.015464
0.015569
0.015754
0.015748
0.015538
0.016280
0.015804
0.016876
0.016392
0.015930
0.015552
0.015541
0.016217
0.015466
0.017006
0.016263
0.016408
0.015446
0.015351
0.015632
0.015586
0.015459
0.015817
0.016006
0.016085
0.015667
0.015830
0.015819
0.015957
0.015693
0.015817
0.016407
0.015369
0.015527
0.015792
0.015948
0.015637
0.015357
0.015721
0.015696
0.015953
0.015559
0.041226
0.040894
0.015122
0.017615
0.015354
0.016371
0.015375
0.015110
0.015341
0.016020
0.015542
0.015814
0.015375
0.015450
0.015878
0.015452
0.015640
0.015518
0.015760
0.015297
0.015254
0.015679
0.015965
0.015224
0.016588
0.015390
0.015917
0.015313
0.015907
0.015628
0.017621
0.016022
0.016706
0.015271
0.015487
0.016440
0.016567
0.015399
0.017621
0.015766
0.016704
0.015617
0.016468
0.016444
0.015348
0.017263
0.015819
0.015550
0.016436
0.015044
0.016328
0.015640
0.015692
0.016068
0.015384
0.015114
0.015574
0.016055
0.015545
0.016500
0.038709
0.042207
0.015882
0.015872
0.015636
0.015658
0.016387
0.016471
0.016998
0.016114
0.016998
0.016494
0.016250
0.015678
0.015858
0.015749
0.016683
0.015750
0.016994
0.015950
0.016158
0.015681
0.015871
0.016108
0.015691
0.015740
0.015777
0.015939
0.016371
0.016153
0.015737
0.015634
0.015805
0.016467
0.015782
0.015630
0.016042
0.016261
0.015750
0.015747
0.015645
0.015817
0.016491
0.016411
0.016308
0.015796
0.015654
0.015993
0.016231
0.016339
0.015980
0.015872
0.016377
0.016107
0.015527
0.016048
0.015876
0.016038
0.015781
0.016003
0.027736
0.042353
0.016166
0.016304
0.015898
0.016276
0.016529
0.016527
0.015710
0.015850
0.015869
0.015654
0.016178
0.016025
0.015598
0.016231
0.015837
0.015605
0.015921
0.016160
0.016161
0.015811
0.016071
0.016183
0.015977
0.015626
0.015975
0.015874
0.016187
0.015715
0.015668
0.015672
0.016028
0.016006
0.016523
0.016248
0.015702
0.015736
0.016380
0.016011
0.015778
0.015712
0.016529
0.015581
0.015695
0.017035
0.015922
0.016527
0.015710
0.015773
0.016370
0.016185
0.016071
0.015843
0.015711
0.016159
0.015869
0.016033
0.016071
0.016159
0.029024
0.042042
0.016096
0.015850
0.015519
0.015662
0.016208
0.015537
0.015635
0.015643
0.016011
0.016249
0.015725
0.015736
0.015878
0.015616
0.015684
0.015657
0.015967
0.016169
0.015787
0.015529
0.016748
0.016642
0.016135
0.015994
0.016327
0.015985
0.015998
0.015620
0.016161
0.016232
0.015720
0.016161
0.015720
0.015466
0.015553
0.015771
0.015514
0.015960
0.015953
0.015659
0.015723
0.015758
0.015623
0.015607
0.016335
0.016280
0.015709
0.015664
0.015683
0.015711
0.015631
0.015776
0.015825
0.015979
0.015729
0.015606
0.015767
0.015876
0.038195
0.036213
0.015771
0.015396
0.015583
0.015813
0.017633
0.015406
0.016397
0.015688
0.015133
0.015964
0.015594
0.015429
0.015848
0.015462
0.015440
0.015747
0.015319
0.015760
0.017759
0.015780
0.016817
0.016626
0.015102
0.015948
0.015363
0.015585
0.015437
0.015592
0.017777
0.016130
0.016389
0.016818
0.015316
0.016392
0.015502
0.015253
0.015397
0.015940
0.015432
0.016485
0.015718
0.015456
0.017130
0.015504
0.016524
0.015378
0.016102
0.016179
0.016278
0.016155
0.016598
0.015607
0.015489
0.016166
0.015574
0.016139
0.015251
0.015262
0.041053
0.033410
0.017086
0.016244
0.016241
0.015882
0.015423
0.015732
0.015550
0.015663
0.016083
0.015801
0.016014
0.015957
0.017181
0.016545
0.015558
0.015558
0.016280
0.016191
0.015766
0.015510
0.015501
0.015538
0.015715
0.015894
0.016556
0.015687
0.015625
0.016370
0.015635
0.015629
0.017088
0.015456
0.015879
0.016063
0.016113
0.016176
0.015481
0.017180
0.016080
0.015642
0.016315
0.015976
0.015781
0.015603
0.015747
0.015641
0.015806
0.015766
0.016555
0.015680
0.015541
0.016052
0.015683
0.015594
0.016096
0.015658
0.015803
0.015800
0.041924
0.032918
0.015856
0.015266
0.017343
0.017347
0.015737
0.016556
0.015505
0.015911
0.015902
0.017252
0.015875
0.015171
0.015639
0.015618
0.015509
0.015595
0.015411
0.015748
0.015561
0.015463
0.015589
0.015435
0.016589
0.015594
0.016355
0.016301
0.016081
0.015122
0.016109
0.015423
0.015560
0.015775
0.016247
0.017129
0.016590
0.016571
0.015370
0.015663
0.016367
0.017343
0.016590
0.016588
0.015480
0.015553
0.016343
0.016579
0.015448
0.015661
0.016482
0.015321
0.015671
0.016079
0.015915
0.015671
0.015618
0.015618
0.015798
0.016081
0.041106
0.042862
0.016094
0.016547
0.015881
0.016088
0.016313
0.015927
0.016372
0.016180
0.016151
0.016102
0.015945
0.015937
0.016001
0.016003
0.016804
0.016145
0.016257
0.015868
0.016100
0.016295
0.015920
0.015935
0.016180
0.016852
0.015910
0.015857
0.016168
0.016297
0.016475
0.016155
0.015805
0.016042
0.015962
0.016150
0.016002
0.016299
0.016093
0.015872
0.016044
0.015944
0.016003
0.016120
0.015985
0.015774
0.016042
0.016001
0.016314
0.016400
0.016261
0.015877
0.015768
0.015934
0.016001
0.015969
0.015825
0.016457
0.015824
0.015908
0.023702
0.041742
0.015874
0.016709
0.015941
0.015799
0.015692
0.016143
0.016301
0.016721
0.015664
0.015736
0.015519
0.015913
0.015839
0.015558
0.015941
0.015852
0.015654
0.015726
0.015418
0.016224
0.015893
0.015720
0.015454
0.016910
0.015610
0.015998
0.015709
0.017473
0.016085
0.017212
0.015500
0.016676
0.016600
0.016349
0.016708
0.016269
0.015696
0.015908
0.016480
0.015523
0.015692
0.015370
0.016061
0.015439
0.015515
0.015698
0.015439
0.015761
0.016175
0.015614
0.016029
0.015888
0.015531
0.015356
0.015663
0.015604
0.016040
0.015722
0.033663
0.033288
0.015439
0.015389
0.015806
0.015868
0.016078
0.015798
0.015706
0.015810
0.015732
0.016013
0.015691
0.016406
0.016152
0.015575
0.015436
0.015718
0.015923
0.016311
0.015459
0.016013
0.016170
0.016031
0.016495
0.016609
0.015984
0.017254
0.015632
0.015954
0.015495
0.015743
0.015527
0.015635
0.015750
0.015656
0.015763
0.016145
0.015776
0.016525
0.015501
0.016111
0.015802
0.016392
0.017251
0.016275
0.016014
0.015577
0.015837
0.016049
0.015772
0.015996
0.015972
0.015806
0.015652
0.015688
0.016338
0.015843
0.015971
0.016565
0.041832
0.031768
0.015357
0.016901
0.016577
0.015635
0.015438
0.016121
0.015832
0.015064
0.015580
0.016324
0.015118
0.015723
0.016758
0.015483
0.015853
0.016222
0.015993
0.015795
0.016883
0.015650
0.016850
0.015846
0.015361
0.016566
0.015506
0.015492
0.015603
0.015665
0.016854
0.015721
0.015609
0.015949
0.015857
0.016029
0.015426
0.016148
0.016221
0.016624
0.015797
0.016466
0.015651
0.016787
0.016177
0.017811
0.016854
0.016851
0.015610
0.015771
0.016530
0.015553
0.015285
0.015925
0.015200
0.016181
0.015676
0.016456
0.015299
0.015773
0.040948
0.041143
0.016534
0.016018
0.016133
0.015998
0.015813
0.015804
0.015269
0.015816
0.016564
0.015136
0.016130
0.016370
0.015669
0.015591
0.015558
0.015153
0.016040
0.015653
0.017543
0.015799
0.015492
0.015162
0.015381
0.016790
0.016142
0.015403
0.015223
0.015691
0.016342
0.017267
0.015772
0.016659
0.016118
0.015703
0.016059
0.015989
0.016531
0.015652
0.017570
0.016110
0.015648
0.015390
0.015701
0.015641
0.015417
0.015643
0.015899
0.016723
0.016129
0.015684
0.016479
0.015434
0.015701
0.016668
0.015898
0.015528
0.015652
0.016028
0.033947
0.040519
0.016784
0.016013
0.015570
0.016002
0.015360
0.015295
0.015063
0.015638
0.015092
0.016082
0.015295
0.015603
0.015724
0.016533
0.015394
0.015947
0.015643
0.015191
0.015113
0.015987
0.015510
0.016558
0.015386
0.017478
0.016076
0.016761
0.016785
0.015666
0.016058
0.016368
0.016339
0.015516
0.015162
0.016556
0.015364
0.015958
0.015429
0.015974
0.017386
0.015393
0.016301
0.015384
0.015570
0.016606
0.015652
0.015313
0.016543
0.015166
0.016479
0.015196
0.015167
0.015254
0.015321
0.015394
0.016481
0.015683
0.016079
0.015900
0.040946
0.024952
0.015763
0.015882
0.015750
0.015643
0.016100
0.016170
0.016261
0.015747
0.016443
0.017302
0.016139
0.017211
0.016036
0.015863
0.015728
0.016160
0.015814
0.016101
0.015766
0.017246
0.016158
0.016577
0.015979
0.016230
0.016120
0.015813
0.016080
0.016293
0.016160
0.015931
0.016559
0.015921
0.015963
0.016260
0.016299
0.016201
0.016685
0.015658
0.015660
0.015654
0.016329
0.015693
0.016095
0.015547
0.015978
0.015754
0.016557
0.016390
0.015746
0.015699
0.015816
0.015731
0.015866
0.016094
0.015777
0.016353
0.016128
0.015911
0.042260
0.025103
0.015578
0.015784
0.015894
0.015680
0.015557
0.017342
0.015975
0.016711
0.015702
0.015941
0.016308
0.015880
0.015634
0.016086
0.016265
0.016266
0.016077
0.016448
0.015963
0.016127
0.016670
0.015830
0.015766
0.015933
0.015949
0.015929
0.016566
0.016052
0.015896
0.016460
0.016713
0.016711
0.016372
0.016248
0.016518
0.016654
0.015885
0.015682
0.015975
0.016109
0.016568
0.016393
0.016219
0.015665
0.015597
0.015820
0.016105
0.015949
0.016126
0.015623
0.016048
0.015904
0.015905
0.016007
0.015852
0.016329
0.015756
0.015604
0.042289
0.039698
0.015655
0.016266
0.015543
0.016458
0.015420
0.015756
0.015755
0.015534
0.015851
0.015360
0.015726
0.016414
0.015433
0.016108
0.015613
0.015585
0.015987
0.016271
0.016255
0.016216
0.015809
0.015535
0.015584
0.016307
0.015606
0.015762
0.015884
0.015874
0.015547
0.015907
0.017114
0.015912
0.015678
0.017098
0.015506
0.017034
0.015822
0.016261
0.015374
0.015609
0.015654
0.015491
0.015795
0.015420
0.015644
0.015709
0.015615
0.015889
0.015688
0.015346
0.015642
0.015854
0.016173
0.016303
0.015390
0.015373
0.015527
0.015648
0.041713
0.042361
0.015669
0.015815
0.015772
0.016195
0.015986
0.015584
0.016120
0.015980
0.016601
0.015922
0.015868
0.015693
0.015848
0.015601
0.015849
0.016441
0.015992
0.015770
0.016118
0.015997
0.016199
0.015927
0.016369
0.016484
0.015640
0.015681
0.015775
0.015648
0.015925
0.016718
0.015873
0.016479
0.015737
0.015642
0.016089
0.015586
0.016052
0.015600
0.016427
0.016299
0.015866
0.016086
0.016424
0.016203
0.015740
0.015948
0.016367
0.015658
0.016423
0.015734
0.015995
0.015753
0.015767
0.015659
0.015832
0.015655
0.016166
0.015987
0.031402
0.041506
0.015485
0.015516
0.015719
0.015732
0.015903
0.016405
0.016025
0.015408
0.015650
0.016019
0.015771
0.016069
0.016706
0.015323
0.016496
0.016655
0.016157
0.015868
0.015673
0.016549
0.017380
0.016046
0.015998
0.015914
0.016156
0.015698
0.016437
0.015774
0.016155
0.015786
0.015488
0.015745
0.016242
0.015595
0.015451
0.016778
0.015731
0.016241
0.016599
0.015762
0.016685
0.015758
0.016763
0.015852
0.016216
0.015649
0.016197
0.016787
0.015612
0.015269
0.015799
0.015716
0.015850
0.015532
0.015648
0.015656
0.015551
0.016599
0.031251
0.040238
0.015357
0.015810
0.015159
0.016081
0.016478
0.016165
0.015619
0.016054
0.016653
0.015398
0.015919
0.016002
0.015074
0.015579
0.016512
0.016206
0.015850
0.015496
0.015315
0.015400
0.015017
0.016353
0.015868
0.016064
0.015247
0.015097
0.015583
0.015912
0.015906
0.015456
0.016461
0.015341
0.017636
0.016746
0.016030
0.016567
0.015226
0.015379
0.016493
0.015208
0.015607
0.015050
0.016346
0.015706
0.015837
0.016628
0.017768
0.016649
0.014967
0.015500
0.015518
0.015415
0.015346
0.015667
0.015792
0.015590
0.016444
0.015529
0.040685
0.042367
0.015936
0.015659
0.015757
0.016203
0.015816
0.016584
0.016586
0.016562
0.015868
0.015808
0.015916
0.015811
0.016379
0.016893
0.016591
0.016228
0.015760
0.015963
0.015586
0.017089
0.016585
0.015587
0.015657
0.016169
0.015916
0.015728
0.016309
0.015875
0.016842
0.015802
0.016115
0.015675
0.015834
0.016186
0.015844
0.015874
0.015886
0.016106
0.015803
0.015960
0.015853
0.016127
0.016033
0.015873
0.016146
0.016143
0.015724
0.015770
0.015965
0.015847
0.015842
0.015705
0.015657
0.015845
0.016229
0.016229
0.016377
0.016371
0.027146
0.033719
0.016745
0.016277
0.015878
0.016164
0.015347
0.015915
0.015572
0.015789
0.015678
0.016056
0.015274
0.015636
0.015656
0.015890
0.017453
0.016093
0.016746
0.016182
0.015464
0.016264
0.015972
0.017548
0.015689
0.015319
0.015773
0.015781
0.017396
0.015758
0.015600
0.015258
0.015700
0.015756
0.016218
0.015848
0.015681
0.016554
0.016523
0.015613
0.015466
0.017531
0.015377
0.016653
0.015413
0.015530
0.015732
0.015788
0.015746
0.015879
0.015385
0.016505
0.015691
0.016568
0.015755
0.015579
0.015491
0.015644
0.015441
0.015565
0.041476
0.032754
0.015603
0.017201
0.016266
0.015772
0.015511
0.015610
0.016441
0.015884
0.015628
0.015431
0.015520
0.015736
0.015732
0.016318
0.016412
0.016168
0.016215
0.015650
0.016072
0.016559
0.016539
0.016419
0.015457
0.015460
0.015525
0.016948
0.015761
0.016256
0.015453
0.017186
0.016081
0.015795
0.015529
0.016353
0.015658
0.015962
0.015762
0.016409
0.015769
0.016039
0.015725
0.015953
0.015375
0.016061
0.016505
0.015611
0.016391
0.015524
0.016311
0.015779
0.015601
0.015734
0.015411
0.015807
0.015996
0.015830
0.015688
0.016062
0.041792
0.037684
0.015339
0.015983
0.015903
0.016163
0.015495
0.017047
0.015436
0.015543
0.015639
0.016003
0.016272
0.015908
0.015583
0.015844
0.015563
0.015766
0.016405
0.015989
0.015740
0.015529
0.015838
0.015649
0.016315
0.016261
0.015429
0.016451
0.016902
0.016849
0.016643
0.016451
0.015392
0.015828
0.015769
0.015500
0.015581
0.015852
0.015538
0.015849
0.016404
0.015688
0.015367
0.015912
0.016413
0.015311
0.015918
0.015738
0.015632
0.015822
0.015730
0.015498
0.015815
0.015903
0.015593
0.015929
0.015711
0.015696
0.015448
0.015923
0.041619
0.041918
0.016000
0.015513
0.015747
0.015517
0.015465
0.015490
0.015529
0.015701
0.015819
0.015951
0.015808
0.016445
0.016472
0.015443
0.016202
0.016319
0.015657
0.015698
0.015821
0.016236
0.015421
0.016144
0.015848
0.015683
0.016409
0.015528
0.015770
0.015512
0.017329
0.016683
0.016298
0.015612
0.016522
0.015943
0.015722
0.016734
0.016328
0.015654
0.017153
0.016454
0.015923
0.016456
0.016642
0.015702
0.015887
0.016452
0.015794
0.016671
0.015454
0.015962
0.015721
0.015705
0.015846
0.016035
0.016168
0.016022
0.015867
0.015827
0.030364
0.031529
0.017367
0.016334
0.016512
0.017471
0.015134
0.017598
0.016496
0.017760
0.016770
0.017705
0.016764
0.015350
0.015637
0.015753
0.016458
0.015794
0.015030
0.015806
0.015529
0.016072
0.015855
0.015998
0.016766
0.016347
0.015220
0.015155
0.016770
0.015796
0.015557
0.015534
0.016545
0.015477
0.016545
0.015745
0.015273
0.016207
0.016543
0.015195
0.016764
0.015997
0.015838
0.015337
0.015752
0.015592
0.015584
0.015897
0.014994
0.015193
0.016284
0.015366
0.015207
0.016410
0.015427
0.015314
0.015981
0.015904
0.015596
0.015411
0.040757
0.027686
0.016399
0.015793
0.015669
0.015916
0.016052
0.017176
0.015928
0.016460
0.017179
0.015931
0.016442
0.016251
0.015877
0.016192
0.015797
0.015692
0.015781
0.015699
0.015421
0.015597
0.015694
0.015690
0.016137
0.015947
0.015729
0.015622
0.017050
0.015764
0.016926
0.016434
0.016575
0.016936
0.016514
0.015576
0.015996
0.015790
0.015789
0.015449
0.015622
0.015800
0.015924
0.016576
0.016076
0.016134
0.016235
0.015982
0.015729
0.016144
0.016113
0.016037
0.015838
0.016437
0.016353
0.015677
0.015956
0.015597
0.015568
0.015729
0.041920
0.040027
0.015318
0.015204
0.016810
0.015841
0.015383
0.015755
0.015586
0.016024
0.017269
0.016983
0.015011
0.017167
0.015311
0.015329
0.017110
0.015636
0.015759
0.016442
0.015619
0.016216
0.015886
0.015566
0.015389
0.015533
0.015617
0.015595
0.015816
0.016586
0.016037
0.015324
0.016784
0.015703
0.015583
0.016132
0.015756
0.016270
0.016094
0.015169
0.015778
0.015349
0.017061
0.015491
0.016175
0.016493
0.015593
0.015586
0.015679
0.015385
0.015808
0.015568
0.015778
0.015328
0.015288
0.015484
0.015490
0.015213
0.015548
0.016456
0.040805
0.042195
0.016639
0.016119
0.015624
0.015801
0.016471
0.015607
0.016231
0.015750
0.016177
0.015747
0.016640
0.016398
0.015580
0.016036
0.016601
0.015564
0.015647
0.016357
0.016122
0.015939
0.015842
0.015898
0.015891
0.016023
0.016153
0.016125
0.015705
0.015803
0.015916
0.016462
0.015898
0.016483
0.015542
0.015915
0.016107
0.016613
0.016120
0.015522
0.016161
0.017140
0.015779
0.016312
0.015713
0.015788
0.016217
0.015759
0.016554
0.015707
0.015638
0.015924
0.015973
0.015911
0.015672
0.015938
0.016508
0.016083
0.015939
0.015998
0.028019
0.042774
0.016435
0.016483
0.016048
0.015957
0.015995
0.016368
0.016251
0.015856
0.016457
0.016057
0.015847
0.016263
0.016129
0.015999
0.016195
0.015943
0.016134
0.016138
0.016785
0.016128
0.015999
0.015778
0.015995
0.016086
0.015960
0.015857
0.015943
0.016047
0.016195
0.015736
0.016196
0.015924
0.016085
0.015898
0.016019
0.016055
0.015931
0.015782
0.016124
0.015836
0.015938
0.016422
0.015923
0.016088
0.016037
0.016129
0.016499
0.016390
0.016073
0.015890
0.016090
0.015887
0.015759
0.016194
0.015815
0.015814
0.015829
0.015971
0.025562
0.029793
0.016095
0.015756
0.016339
0.015884
0.016167
0.016537
0.015595
0.015909
0.016016
0.016170
0.015666
0.016388
0.015650
0.017036
0.015722
0.015744
0.015825
0.015927
0.015965
0.015755
0.015793
0.015659
0.016209
0.016236
0.015779
0.016158
0.017126
0.015707
0.016368
0.015671
0.015765
0.016375
0.015887
0.015872
0.015768
0.015771
0.016170
0.016481
0.016047
0.016572
0.015677
0.016854
0.015606
0.015996
0.015569
0.016001
0.015589
0.016091
0.016007
0.015698
0.015675
0.016177
0.015800
0.015612
0.016309
0.016158
0.015915
0.015593
0.042321
0.042777
0.015928
0.016132
0.015898
0.015944
0.016289
0.015812
0.016212
0.016232
0.016345
0.015953
0.016174
0.016047
0.016169
0.015878
0.016344
0.016019
0.016150
0.015894
0.016631
0.015873
0.015822
0.015977
0.015917
0.016502
0.016783
0.016034
0.016433
0.015902
0.016235
0.016346
0.016039
0.016214
0.015987
0.016077
0.015882
0.015899
0.016037
0.016394
0.016195
0.015742
0.016109
0.015994
0.016413
0.016174
0.016235
0.015948
0.016042
0.016016
0.015956
0.015994
0.016350
0.016259
0.015737
0.016226
0.015986
0.016017
0.016219
0.015873
0.023335
